87577	268383
4078	292337
71967	231896
37309	305489
81220	196731
55730	338730
35778	190235
24960	180995
35303	142655
134156	216921
30547	201287
97214	342745
16668	232269
38474	231322
41322	361520
32105	324158
43333	171484
92529	233906
82065	164791
50573	222961
112518	143723
50906	334002
33205	369376
36868	356165
105389	269067
112953	341507
30295	222539
118809	366697
102322	217289
136969	362772
31744	265308
30318	291073
118351	291056
92682	253772
75102	153258
31555	242366
57887	322183
10808	250853
10021	141777
103616	203068
4542	156124
87846	152239
132203	337309
133569	217280
115431	284894
124745	180899
80455	317480
54234	181340
66609	272743
44945	259180
71535	271467
113719	197408
34126	260140
48674	201594
56396	314414
94052	147081
19386	346215
50572	222960
138104	322830
7212	154607
23360	207989
39325	351075
31874	218498
138626	226135
55575	305858
129038	143635
6542	141583
76941	307751
5534	179200
129260	246119
115700	259711
106370	187173
6883	174497
41541	159980
5341	348177
55308	276889
45802	217653
127806	352482
37988	222801
50374	352954
114040	262644
81524	238230
58487	256766
94870	253872
63212	274789
90121	344165
82170	266371
71724	317143
93774	140767
57142	277018
29979	360716
5530	302001
119965	284167
137063	356671
124801	233021
6062	347469
90901	335125
49645	266405
106960	323729
50847	318007
59644	150759
118350	291055
47163	340548
94703	203799
57769	315196
111449	179151
139075	208262
132352	247050
46254	269867
81235	232515
28062	168471
99178	249365
123591	260881
17116	284084
63598	335292
71938	256495
89400	208580
6855	372550
18894	206296
71367	181284
99580	253464
29948	328125
98058	198264
73400	157875
133760	179129
124076	227382
54838	293491
3951	170322
81525	238231
27342	147932
62583	190410
102438	325695
113901	161489
119459	320270
121662	371511
97694	299215
16670	232270
127732	161860
66339	353083
13354	321786
117127	272139
2979	207927
116124	325637
56626	289195
76447	182748
93413	204608
34790	288844
110379	242018
71929	187218
95133	361667
81979	163386
120352	322541
4332	196592
131868	173997
113703	320436
30358	258608
77185	305708
20494	169234
99077	150302
44636	324723
94808	217724
117615	153418
74631	183229
100063	233781
87226	174392
19429	278723
93667	174719
10806	250852
54707	252144
43395	292104
32706	219168
59931	230144
94962	265231
53510	256801
138647	369451
16362	347602
132496	150980
4082	194299
84553	249752
128525	335182
70969	310055
94492	274039
88612	302746
19388	346216
38212	182807
80880	311257
82361	160045
25138	188014
108873	356797
131193	295182
137358	229088
23981	272181
77571	234086
52118	341382
62120	148547
99990	357061
105092	172441
88490	209048
116821	251658
20162	260141
9783	167968
128709	288377
12431	276890
70612	312110
83544	181464
110210	364134
126501	337503
44653	188155
82175	302627
61139	330380
70909	255401
65434	322577
86713	161804
126059	345700
125776	247298
49410	162706
115672	369358
117235	373142
6710	236065
92811	210036
36942	308123
48715	194167
87829	286331
54084	214546
29631	148973
15475	294427
24248	173618
114773	239034
61530	193842
63178	320351
80950	289834
124148	174420
117410	321028
125583	305916
56800	272025
52536	200724
55539	327877
9106	245412
46738	179096
56653	240369
57211	329513
110783	199628
42508	169586
139765	145588
89399	208579
32108	324159
62988	208391
107516	153180
35670	375994
51877	220613
39545	186112
43720	307266
87639	242788
29929	307965
37218	248805
121008	187058
50819	371340
87190	211635
132115	151633
84740	259720
87824	245229
27705	340498
24764	369142
129653	156182
57811	214299
49647	266406
123490	299032
129375	230551
77495	160291
42892	266030
59960	303255
28317	292978
88069	200723
105505	191557
86271	218911
86600	195642
76302	242528
121961	150799
120615	236328
76304	242529
57494	239385
108574	262995
65138	263555
110552	297336
3433	195985
13458	156113
15425	292203
129631	156344
132825	194176
81052	228543
103633	316575
109399	267442
63213	274790
109533	338554
32529	181588
77339	219602
139560	151465
125279	151316
93997	367284
93668	258947
72981	265742
139066	261085
43077	152077
94136	362178
2009	357245
74639	340248
13355	162798
42306	232213
134155	216920
129033	172782
40053	310122
24846	357746
78249	171637
53454	336054
102467	212377
12662	337695
35305	142656
76360	273563
20538	312702
76134	238320
57868	242849
32841	335392
83542	324454
113701	320435
122346	185616
13167	174235
120453	209824
62511	196123
101727	375700
128659	173914
10385	274736
44194	176465
108368	291858
25311	176545
13242	232516
46739	354716
128510	373870
73090	143828
65022	163994
98437	183687
114771	239033
17291	158166
126148	266645
72589	344551
111	187775
23903	270829
140149	169596
23813	260922
48790	236425
14277	373922
12624	243112
68171	193878
77449	217697
121190	210253
12873	358800
91855	179209
75280	266216
120367	339359
30378	204262
23282	318474
64935	312903
17118	284085
44228	372786
9104	245411
55673	154401
10964	299225
88386	269836
95518	175816
113195	253754
12106	259676
80482	146342
27501	220121
22064	357684
114025	272734
7828	258609
71939	256496
99335	351758
134492	332823
62472	371309
123630	153998
117909	156967
17671	307442
43741	189727
112385	149544
86854	186489
104781	214220
88674	222969
137918	193827
79366	246658
55729	277093
95132	361666
111094	183563
103840	254481
75332	205917
120183	253971
103745	151822
139777	336938
80771	292456
93864	163497
71725	317144
77715	244440
36715	196797
30776	238912
34653	149673
52290	231190
121965	164956
102206	172843
13459	156114
35899	272319
28314	292977
18679	325800
3224	298909
28568	363865
31876	218499
131278	164987
91089	274310
46515	242454
88478	256104
125696	336504
131805	183678
119311	373244
139904	314941
6713	373085
56094	153352
107702	256409
118682	363829
117130	291571
49043	231191
121191	252358
80774	307013
3468	349710
46844	271371
26686	248527
97852	317107
91741	240384
88861	151520
80528	362064
62582	190409
87641	304159
37308	305488
5931	305397
99890	154775
45197	241654
100039	191815
92143	190943
71360	296984
84627	178848
99076	150301
23672	199239
100079	199128
138646	369450
94759	223074
82773	184707
83752	212131
92798	280973
100088	301389
50904	334001
65231	171018
43819	209013
90421	315621
49064	204055
77450	217698
19498	188604
81529	221793
66123	209026
134567	221662
81897	266541
3966	358808
76004	183830
77573	234087
121866	196055
125453	337787
3704	321736
26463	219360
7695	298485
73111	360338
19800	258360
124212	365977
8532	355136
131192	210504
127129	309292
137611	178856
70134	216063
32216	285466
25119	315538
110553	297337
64966	162654
12269	307966
77747	239983
103963	198003
66716	237376
62512	196124
124902	288050
100131	320533
30257	301578
16925	226248
125993	312353
95519	175817
55662	186911
82174	208261
122259	225767
17668	224611
126060	229089
