37117	352864
17101	342758
32489	274262
70836	277716
81827	255061
193648	254163
219959	252049
37320	335419
107284	297562
138642	310153
131597	245478
79924	359238
27520	298648
4761	304862
184459	397859
142379	253078
49261	329762
967	399802
37688	287820
230350	408796
137151	329037
15006	298159
2750	244776
155085	331597
136569	344895
31934	402654
229704	346646
64290	351639
114075	340242
43095	245281
1796	243399
86826	396770
97199	371776
39571	379807
170288	390369
95396	345619
142380	253079
172445	322117
203977	238417
13044	253100
30338	296513
57701	360534
76588	381515
13287	244419
16675	405222
119474	240288
97209	245734
190034	237194
109333	316586
201003	343482
91726	336678
85495	363601
11828	289000
43437	264791
96271	382771
169754	272007
220743	316400
101883	324799
43526	269890
70239	264209
195035	271030
38063	372575
231464	254441
151182	273536
4630	337259
184333	271409
29625	256371
91983	240597
18282	343045
139006	349644
74228	262325
17469	371910
6787	241527
139672	237223
62025	370231
184652	277721
219225	260553
54933	405453
94675	306058
52443	296198
82846	274344
45817	309447
67625	243380
61521	282572
16254	305674
125715	387952
60912	262285
88867	335716
187957	290304
99652	325473
21886	391104
67666	270247
30202	321666
231502	350653
148000	383900
184223	388684
199480	253927
42807	322514
47178	270526
76514	367109
132694	254940
19612	331093
25370	369825
13030	378673
77826	368623
89934	340672
19500	249157
203310	257439
178035	305572
91788	338478
2911	307478
13286	319802
222841	342796
190958	287985
215277	384563
45947	392852
165478	253623
177802	390289
106043	310122
72008	381750
130380	277579
30650	329326
45816	309442
32379	254698
90400	375563
10052	273317
119231	289696
152902	276306
5100	283316
107279	380634
72780	261228
66184	395347
124022	400714
117209	399514
4100	240736
191401	299776
12362	277352
25117	271459
178202	283527
108731	269854
54319	312689
216452	268912
160073	271211
69549	260962
160072	306785
102998	326119
114578	314012
80458	361575
164248	306422
18139	406306
186768	358672
17351	365924
84829	247979
48198	296890
20925	317905
156604	347121
27142	355712
43083	250194
75873	264203
140154	281700
88094	297582
83461	289423
78167	370764
164000	276229
201244	244864
138878	293567
11248	245630
200190	296013
118232	276434
72295	293074
40146	399597
200829	258995
110879	362405
193240	238579
16992	401860
113844	253127
222060	264150
59365	340533
31134	316582
207663	306192
1440	320840
8119	255492
147365	377228
114587	240706
57300	373743
43436	405524
204795	321703
175673	316230
43468	243277
152501	276059
65873	338474
180327	293664
132215	356178
173593	260279
235341	268129
12606	372488
212864	301369
142718	267363
233218	368084
223435	313663
127435	272413
185477	251156
183963	353843
148965	271094
37569	347630
148201	248492
13395	258877
142993	271161
136467	241009
200191	274980
215714	270342
211896	318841
57710	248116
4562	272493
46098	291739
182248	365568
222840	241722
17989	286928
37780	306612
5638	243376
35810	334903
171723	288184
181517	237551
109377	296868
62033	374989
218681	240931
87706	274774
129395	356189
12021	309966
10422	363149
112457	308148
75497	323977
123354	368528
212356	291595
65655	387086
138455	295314
60932	358961
178229	241415
59978	267551
33985	290003
136726	265126
206827	291117
10573	286820
184687	321267
39134	344262
98128	334767
168900	404666
6447	259215
168552	270979
146609	285284
1660	268937
54021	304455
116041	351643
106961	368264
183139	267406
12200	332593
123336	274536
196578	265560
39602	297220
48982	365702
2740	321735
43078	249044
173785	308139
117113	314039
102937	350941
142313	340597
82555	370249
87697	267500
80459	403511
107957	266040
49240	384597
85439	267463
44567	295944
91063	385133
232093	350537
78601	319424
150469	369151
163301	241214
9454	241817
46342	405347
73329	273385
217815	258346
80771	247757
113137	339114
56852	266142
170869	246330
82758	404283
161152	244046
57107	355139
61989	240636
8137	241947
59899	309801
171543	389806
185476	251152
73492	361661
192295	281089
103696	299780
5037	352267
72596	390696
119269	311913
11075	268338
160880	241730
157614	388457
71159	308456
41629	385949
216651	279937
194247	238845
29902	311508
107667	256486
136027	330443
37779	284040
52908	243912
97092	351567
59313	247521
229546	337330
132382	240160
33603	249413
47081	405227
34128	407736
184124	393018
139862	369104
91709	366246
200636	294233
9664	409223
91469	251864
12427	395070
45498	291112
40740	242185
168108	320441
229171	239454
190944	250821
61512	275103
59003	334762
83357	286858
170729	251658
15457	262912
49572	301942
18778	349582
216140	287844
42178	286402
20654	339158
7420	321552
106406	263915
2296	405059
151420	287654
174967	311173
68237	315107
207166	276110
47038	304923
45444	315359
118746	255619
56952	349819
82058	264364
122002	363088
147373	348955
127685	381112
203971	390728
192839	241501
62560	348627
174898	263741
135118	257773
117753	379922
185551	391519
38655	285425
88101	403783
4042	374375
234985	271245
37226	348988
52366	299953
24637	354159
66034	300309
12199	258908
97020	310830
25424	322422
195108	241219
11723	296647
39628	316627
3784	281467
71127	358760
165471	392518
12020	309969
136123	240235
97177	336673
17350	368930
50535	327160
55786	327552
209958	244788
48974	340403
117572	392643
11869	305678
98	252863
53208	361067
68966	284705
194384	370412
221503	346606
212355	367248
31055	292313
184864	386665
79039	355772
101817	340864
34119	297051
209745	264714
150736	389007
23195	406539
29553	301212
106322	374719
63644	365368
73836	385451
99770	254371
80721	283942
28401	290247
18222	406380
39684	334549
148976	391035
216764	294713
119105	245120
148202	248489
145275	389366
48383	356044
98873	304202
18811	339422
48528	323597
170519	331541
31234	267381
22946	390425
72158	240268
140231	326220
104307	337504
11064	358723
39276	342365
33456	352613
130143	256159
152159	293149
61252	301303
111529	250315
84294	338763
209711	247194
155008	332989
60117	247376
169755	272011
84524	243325
184610	299875
189000	267166
125593	306019
103307	316203
139273	345946
167473	283776
94843	271723
153596	241747
73108	272628
107676	300062
144223	372281
21520	349425
21531	268834
7343	307155
143948	243297
2513	321182
186169	284511
87258	288462
46774	405164
39434	341472
75091	291284
5565	291260
191281	286681
202061	243761
16874	366538
127008	242029
57050	280292
53035	299746
187956	258323
45470	410171
16332	340062
19215	281833
116327	397268
73484	284389
113331	263188
138529	370730
150826	305363
72826	290978
123335	269919
106962	368268
62189	313415
164539	253559
22436	310912
1974	254289
2568	396448
84789	273826
218020	256185
6657	238967
232445	242586
119475	358497
9455	237380
92619	247570
43881	391431
71148	356761
97021	310833
164605	291219
225712	272960
67835	303487
26815	397725
11883	281205
52581	367576
77711	329639
27391	236878
3981	311506
43469	271370
169371	301756
14975	258997
124420	245125
152667	335140
222383	249254
57109	329074
24236	349870
34555	266546
20187	326070
162513	364502
163404	310994
213364	367279
11108	253577
51056	378583
74902	280822
24876	240893
107389	256837
78869	290629
43675	387606
93382	339026
112789	261078
75783	260750
4641	284483
214028	317159
136556	271418
140220	330119
94513	353181
143143	334922
233097	349317
226951	241573
183848	354690
26724	260625
46071	242307
73483	284386
116890	247484
9939	242297
229696	260531
4090	280915
98435	330096
49388	279897
80560	263013
24808	395249
72558	272741
153545	405379
16150	309886
29242	276774
139610	271025
10018	243305
26869	237510
134894	320703
205131	266775
160253	243431
29316	407476
165697	301368
2912	276564
47386	390801
71129	270484
58141	384273
159006	352528
206273	351208
83460	289419
23152	283473
218066	294523
202569	362585
55200	296054
230185	339766
91846	300153
74187	242717
41582	324932
71892	397951
67340	284476
164853	294197
80711	325789
119465	270227
7432	265889
79505	257332
95549	346346
73958	380052
42577	246324
37211	269547
227837	410228
170550	247470
133371	396534
120678	240250
95096	395134
167125	309553
37065	244414
140607	309230
84523	243321
144222	322715
71416	409268
105241	257856
